31246
39018
53337
73738
123576
126545
248091
271891
323635
364258
370429
401846
411935
452809
463059
521174
616588
645461
658502
717222
734341
746416
750660
751543
791856
827031
850903
855035
893706
907054
907909
908691
948066
989024
1042528
1071263
1088585
1095605
1139307
1155587
1159247
1180130
1202879
1250927
1278497
1296634
1404129
1451867
1460298
1475571
1483850
1560368
1618394
1679753
1709923
1714918
1775721
1780477
1810031
1841103
1885586
1902526
1934800
1939670
1978778
1996207
2007597
2060276
2062619
2114613
2116321
2117058
2143070
2151524
2156302
2173147
2239870
2292201
2339314
2404579
2437850
2494732
2511834
2533556
2611648
2642381
2647757
2653116
2780442
2824891
2841928
2906888
2937295
2992951
3004433
3006754
3064870
3116735
3132683
3159109
3166068
3181579
3199808
3207962
3239666
3338570
3344997
3360484
3370542
3415192
3442020
3446954
3457824
3532075
3534669
3568226
3581209
3635815
3644706
3659897
3674353
3691316
3717880
3722653
3826457
3853587
3922857
3923039
3955214
4003073
4006571
4053154
4070073
4091748
4099163
4109236
4124409
4293398
4299763
4368680
4395167
4406604
4410153
4420865
4617539
4662149
4670717
4686143
4691962
4692467
4698153
4705243
4756189
4784856
4827413
4885733
4896342
4902071
4904687
4946817
5099462
5111323
5117266
5161155
5165056
5169602
5204233
5294802
5311091
5311750
5326845
5444741
5466042
5479747
5500629
5526790
5541878
5546494
5613436
5642124
5670721
5673305
5694021
5735184
5812631
5834262
5927442
5966379
6140537
6184889
6207919
6299968
6306974
6307074
6325292
6325579
6338974
6351214
6382785
6394079
6410184
6439288
6444146
6485846
6494211
6505612
6527129
6536299
