31789
61041
118341
138555
149740
190536
209651
257283
285514
333565
333686
334676
356051
391596
406996
413463
418203
495518
512938
572530
650241
697739
706998
708076
793798
797303
864032
898058
921687
924626
935985
944409
1004629
1004728
1047476
1073605
1081784
1115465
1137394
1143575
1143580
1158787
1169470
1246706
1251615
1256315
1276567
1339616
1343883
1406059
1407991
1453775
1454965
1496483
1505575
1563167
1582577
1642739
1717759
1734318
1745296
1749400
1819572
1894495
1942437
1958975
1996115
2047970
2060950
2071901
2131533
2141875
2144741
2162103
2165626
2176782
2185014
2195149
2213028
2217159
2220253
2304162
2319481
2322074
2322359
2348633
2360714
2411794
2443371
2449764
2474149
2521020
2613393
2615041
2620793
2660065
2667014
2686922
2690907
2817323
2843075
2878920
2879402
2915687
2917851
2935780
3007547
3034436
3114403
3131315
3140522
3160065
3325037
3367303
3425738
3431124
3443168
3464282
3464628
3465851
3505724
3513342
3546872
3568946
3613719
3614627
3657992
3696272
3736803
3758742
3759260
3771048
3880460
3880516
3890969
3895547
3908332
3908720
3912006
3927181
3939055
3949540
3963248
3977353
3995381
4112746
4121397
4161628
4247573
4267589
4312144
4354787
4392595
4404226
4415117
4487290
4496689
4498749
4512164
4562325
4588448
4634437
4706951
4757346
4757938
4773123
4775145
4784353
4856823
4991845
5009357
5014666
5019116
5049491
5119190
5155570
5159623
5180266
5218234
5251033
5274083
5277667
5312357
5436483
5438404
5453750
5456028
5525107
5534009
5537091
5569957
5587081
5588933
5593620
5636521
5675390
5744632
5818899
5856112
5891118
5940321
5942287
5944946
5947796
5988078
6000675
6069454
6172531
6208122
6225323
6246319
6324142
6359315
6361964
6408942
6412215
6446834
6451889
6482084
6519074
